0 2121748086
1 4243496172
2 581713817
3 1163427634
4 2326855268
5 3457219209
6 1196487507
7 2392975014
8 3325217549
9 1460965467
10 2921930934
11 2267236141
12 3577186331
13 1897797239
14 3795594478
15 520707997
16 1041415994
17 2082831988
18 4165663976
19 736427921
20 1472855842
21 2945711684
22 2220292809
23 3554472915
24 2093539815
25 4187079630
26 676495837
27 1352991674
28 2705983348
29 2581924009
30 3904575251
31 168241255
32 336482510
33 672965020
34 1345930040
35 2691860080
36 2610170529
37 3965260547
38 63119431
39 126238862
40 252477724
41 504955448
42 1009910896
43 2019821792
44 4039643584
45 987833793
46 1975667586
47 3951335172
48 209201225
49 418402450
50 836804900
51 1673609800
52 3347219600
53 1416892257
54 2833784514
55 2325822405
56 3459477963
57 1192748503
58 2385497006
59 3341717789
60 1428956283
61 2857912566
62 2411829165
63 3304204571
64 1385518199
65 2771036398
66 2435078045
67 4181305723
68 688018615
69 1376037230
70 2752074460
71 2472780793
72 4256580019
73 538805543
74 1077611086
75 2155222172
76 3684511609
77 1816877235
78 3633754470
79 1784439949
80 3568879898
81 1912640629
82 3825281258
83 326326165
84 652652330
85 1305304660
86 2610609320
87 3963911953
88 66713699
89 133427398
90 266854796
91 533709592
92 1067419184
93 2134838368
94 4269676736
95 663566273
96 1327132546
97 2654265092
98 3877156937
99 356546259
100 713092518
101 1426185036
102 2852370072
103 2406902641
104 3315454115
105 1347069703
106 2694139406
107 2589694557
108 4022743803
109 83714999
110 167429998
111 334859996
112 669719992
113 1339439984
114 2678879968
115 3827952513
116 321048899
117 642097798
118 1284195596
119 2568391192
120 3915125361
121 164176547
122 328353094
123 656706188
124 1313412376
125 2626824752
126 3797242401
127 534487555
128 1068975110
129 2137950220
130 4275900440
131 650847857
132 1301695714
133 2603391428
134 3978835401
135 18968019
136 37936038
137 75872076
138 151744152
139 303488304
140 606976608
141 1213953216
142 2427906432
143 4196193601
144 793291971
145 1586583942
146 3173167884
147 2704564313
148 2568603379
149 3913452455
150 166990095
151 333980190
152 667960380
153 1335920760
154 2671841520
155 3857917857
156 278350083
157 556700166
158 1113400332
159 2226800664
160 3523581553
161 2138712739
162 4277425478
163 647605453
164 1295210906
165 2590421812
166 4022100009
167 67749395
168 135498790
169 270997580
170 541995160
171 1083990320
172 2167980640
173 3640689281
174 1768948547
175 3537897094
176 2125531981
177 4251063962
178 565521269
179 1131042538
180 2262085076
181 3604504041
182 1992408467
183 3984816934
184 7860237
185 15720474
186 31440948
187 62881896
188 125763792
189 251527584
190 503055168
191 1006110336
192 2012220672
193 4024441344
194 78721601
195 157443202
196 314886404
197 629772808
198 1259545616
199 2519091232
200 4148008449
201 889858627
202 1779717254
203 3559434508
204 1931498585
205 3862997170
206 401626917
207 803253834
208 1606507668
209 3213015336
210 2759095313
211 2476338787
212 4232239751
213 603239247
214 1206478494
215 2412956988
216 3302267961
217 1389903411
218 2779806822
219 2417098381
220 4216519515
221 768930039
222 1537860078
223 3075720156
224 3050734073
225 2967209395
226 3133738279
227 2934119439
228 2260155999
229 3592387327
230 2001728447
231 4003456894
232 105826493
233 211652986
234 423305972
235 846611944
236 1693223888
237 3386447776
238 1220749569
239 2441499138
240 4168983109
241 730481355
242 1460962710
243 2921925420
244 2267222041
245 3577161331
246 1897876135
247 3795752270
248 520891613
249 1041783226
250 2083566452
251 4167132904
252 733203345
253 1466406690
254 2932813380
255 2263833289
256 3601839059
257 1982751207
258 3965502414
259 63472093
260 126944186
261 253888372
262 507776744
263 1015553488
264 2031106976
265 4062213952
266 1060235457
267 2120470914
268 4240941828
269 587087945
270 1174175890
271 2348351780
272 3431138313
273 1115098707
274 2230197414
275 3534569229
276 2116778075
277 4233556150
278 601679661
279 1203359322
280 2406718644
281 3314958121
282 1348302867
283 2696605734
284 2584012301
285 4017670747
286 92312311
287 184624622
288 369249244
289 738498488
290 1476996976
291 2953993952
292 3142957953
293 2916774211
294 2160452807
295 3673870287
296 1854183903
297 3708367806
298 1633902909
299 3267805818
300 1593606837
301 3187213674
302 2692942997
303 2591498091
304 4020189335
305 72316783
306 144633566
307 289267132
308 578534264
309 1157068528
310 2314137056
311 3366772097
312 1244183875
313 2488367750
314 4090753869
315 1020715227
316 2041430454
317 4082860908
318 1036386457
319 2072772914
320 4145545828
321 893452937
322 1786905874
323 3573811748
324 1903759881
325 3807519762
326 513101413
327 1026202826
328 2052405652
329 4104811304
330 841342993
331 1682685986
332 3365371972
333 1247676105
334 2495352210
335 4060683621
336 1063468171
337 2126936342
338 4253872684
339 543744537
340 1087489074
341 2174978148
342 3627423369
343 1797073747
344 3594147494
345 1996860173
346 3993720346
347 124234357
348 248468714
349 496937428
350 993874856
351 1987749712
352 3975499424
353 43752193
354 87504386
355 175008772
356 350017544
357 700035088
358 1400070176
359 2800140352
360 2528937665
361 4127722435
362 929108423
363 1858216846
364 3716433692
365 1618577529
366 3237155058
367 1519855525
368 3039711050
369 2972555477
370 3106551787
371 2837801367
372 2302399855
373 3372657823
374 1232887679
375 2465775358
376 4269833149
377 645001531
378 1290003062
379 2580006124
380 3908997017
381 176953715
382 353907430
383 707814860
384 1415629720
385 2831259440
386 2331125793
387 3465893379
388 1180412487
389 2360824974
390 3256856413
391 1598970107
392 3197940214
393 2789762477
394 2548157723
395 4105346167
396 840187567
397 1680375134
398 3360750268
399 1271984953
400 2543969906
401 4096969381
402 856986379
403 1713972758
404 3427945516
405 1138073113
406 2276146226
407 3559357989
408 1933572619
409 3867145238
410 395243117
411 790486234
412 1580972468
413 3161944936
414 2745163921
415 2622408547
416 3823929479
417 480778063
418 961556126
419 1923112252
420 3846224504
421 300970673
422 601941346
423 1203882692
424 2407765384
425 3296079185
426 1402821859
427 2805643718
428 2500097485
429 4051299803
430 964877815
431 1929755630
432 3859511260
433 392686073
434 785372146
435 1570744292
436 3141488584
437 2903480785
438 2171483619
439 3652021639
440 1747705167
441 3495410334
442 2078176125
443 4156352250
444 872991669
445 1745983338
446 3491966676
447 2067225577
448 4134451154
449 934046181
450 1868092362
451 3736184724
452 1712474473
453 3424948946
454 1127752677
455 2255505354
456 3616639445
457 1951536619
458 3903073238
459 171528685
460 343057370
461 686114740
462 1372229480
463 2744458960
464 2623224801
465 3821498755
466 486532423
467 973064846
468 1946129692
469 3892259384
470 344937009
471 689874018
472 1379748036
473 2759496072
474 2474911057
475 4235807971
476 595828615
477 1191657230
478 2383314460
479 3345873529
480 1437266611
481 2874533222
482 2379926669
483 3234111323
484 1526216951
485 3052433902
486 2962351517
487 3125988731
488 2949946551
489 2228764463
490 3535894559
491 2129917567
492 4259835134
493 549380029
494 1098760058
495 2197520116
496 3733453737
497 1719595283
498 3439190566
499 1116389901
500 2232779802
501 3512340085
502 2042960555
503 4085921110
504 1013279981
505 2026559962
506 4053119924
507 945447209
508 1890894418
509 3781788836
510 430051081
511 860102162
512 1720204324
513 3440408648
514 1095890641
515 2191781282
516 3728137477
517 1729936459
518 3459872918
519 1191442285
520 2382884570
521 3346979829
522 1435283883
523 2870567766
524 2370027757
525 3254159259
526 1486621047
527 2973242094
528 3103859613
529 2842902907
530 2308408503
531 3361607471
532 1271732255
533 2543464510
534 4098188861
535 872139323
536 1744278646
537 3488557292
538 1152341913
539 2304683826
540 3385612325
541 1223276043
542 2446552086
543 4174896749
544 719239835
545 1438479670
546 2876959340
547 2374292121
548 3229131635
549 1535131815
550 3070263630
551 3044017373
552 2979074043
553 3092453815
554 2883007791
555 2363452447
556 3268402815
557 1592703679
558 3185407358
559 2697718973
560 2598821691
561 4005345335
562 101217839
563 202435678
564 404871356
565 809742712
566 1619485424
567 3238970848
568 1500286337
569 3000572674
570 3200462917
571 2801231563
572 2527054807
573 4132344303
574 938223007
575 1876446014
576 3752892028
577 1678781113
578 3357562226
579 1261546661
580 2523093322
581 4156011733
582 874409963
583 1748819926
584 3497639852
585 2072148249
586 4144296498
587 897114661
588 1794229322
589 3588458644
590 1890981737
591 3781963474
592 430529509
593 861059018
594 1722118036
595 3444236072
596 1105508369
597 2211016738
598 3705923077
599 1656146507
600 3312293014
601 1370107757
602 2740215514
603 2648292341
604 3770839467
605 452322583
606 904645166
607 1809290332
608 3618580664
609 1949259569
610 3898519138
611 197941893
612 395883786
613 791767572
614 1583535144
615 3167070288
616 2734315233
617 2659560323
618 3866775879
619 394634447
620 789268894
621 1578537788
622 3157075576
623 2737523377
624 2636616483
625 3778945031
626 420300367
627 840600734
628 1681201468
629 3362402936
630 1269129905
631 2538259810
632 4125396101
633 817373003
634 1634746006
635 3269492012
636 1588722713
637 3177445426
638 2713122341
639 2552031755
640 3947418199
641 232825583
642 465651166
643 931302332
644 1862604664
645 3725209328
646 1734695841
647 3469391682
648 1189374149
649 2378748298
650 3235947861
651 1521503467
652 3043006934
653 2981115373
654 3088149915
655 2874400119
656 2379660463
657 3235675935
658 1523185791
659 3046371582
660 2958485437
661 3151808827
662 2898826295
663 2195729967
664 3736164895
665 1712566911
666 3425133822
667 1128255421
668 2256510842
669 3616422069
670 1953330987
671 3906661974
672 180673261
673 361346522
674 722693044
675 1445386088
676 2890772176
677 2213174241
678 3701846403
679 1647994183
680 3295988366
681 1402508125
682 2805016250
683 2501069621
684 4049047595
685 970860055
686 1941720110
687 3883440220
688 360724217
689 721448434
690 1442896868
691 2885793736
692 2205313489
693 3717584355
694 1616555399
695 3233110798
696 1511764061
697 3023528122
698 3005204277
699 3176040491
700 2716603927
701 2561223279
702 3928183455
703 255304575
704 510609150
705 1021218300
706 2042436600
707 4084873200
708 1032153505
709 2064307010
710 4128614020
711 928664393
712 1857328786
713 3714657572
714 1638095881
715 3276191762
716 1576826469
717 3153652938
718 2894127061
719 2188425707
720 3750786455
721 1683090799
722 3366181598
723 1245099005
724 2490198010
725 4088121781
726 1009161515
727 2018323030
728 4036646060
729 977645337
730 1955290674
731 3910581348
732 157056649
733 314113298
734 628226596
735 1256453192
736 2512906384
737 4043233121
738 982296707
739 1964593414
740 3929186828
741 252985945
742 505971890
743 1011943780
744 2023887560
745 4047775120
746 972639585
747 1945279170
748 3890558340
749 347827529
750 695655058
751 1391310116
752 2782620232
753 2429014737
754 4210992099
755 780943751
756 1561887502
757 3123775004
758 2937260665
759 2237076147
760 3521061671
761 2026848271
762 4053696542
763 944506493
764 1889012986
765 3778025972
766 420558249
767 841116498
768 1682232996
769 3364465992
770 1247960273
771 2495920546
772 4076369157
773 1048702027
774 2097404054
775 4194808108
776 796812313
777 1593624626
778 3187249252
779 2692884105
780 2591378259
781 4019949799
782 71706511
783 143413022
784 286826044
785 573652088
786 1147304176
787 2294608352
788 3405309313
789 1317064003
790 2634128006
791 3782357837
792 429220059
793 858440118
794 1716880236
795 3433760472
796 1109855217
797 2219710434
798 3555535237
799 2091603275
800 4183206550
801 702305133
802 1404610266
803 2809220532
804 2509479209
805 4032183315
806 1004371559
807 2008743118
808 4017486236
809 94041465
810 188082930
811 376165860
812 752331720
813 1504663440
814 3009326880
815 3184285697
816 2699671107
817 2594335431
818 3996505039
819 119185887
820 238371774
821 476743548
822 953487096
823 1906974192
824 3813948384
825 500789633
826 1001579266
827 2003158532
828 4006317064
829 115744337
830 231488674
831 462977348
832 925954696
833 1851909392
834 3703818784
835 1660326401
836 3320652802
837 1353403973
838 2706807946
839 2581348181
840 3905517803
841 182712215
842 365424430
843 730848860
844 1461697720
845 2923395440
846 2265969825
847 3580817155
848 1907152967
849 3814305934
850 499279709
851 998559418
852 1997118836
853 3994237672
854 123171729
855 246343458
856 492686916
857 985373832
858 1970747664
859 3941495328
860 246276609
861 492553218
862 985106436
863 1970212872
864 3940425744
865 248333921
866 496667842
867 993335684
868 1986671368
869 3973342736
870 47827553
871 95655106
872 191310212
873 382620424
874 765240848
875 1530481696
876 3060963392
877 3079943873
878 3025759171
879 3015954887
880 3170280911
881 2728152543
882 2655624703
883 3890363839
884 347438399
885 694876798
886 1389753596
887 2779507192
888 2418464177
889 4215057699
890 755522567
891 1511045134
892 3022090268
893 3006523001
894 3172387507
895 2707198759
896 2580029455
897 3907077727
898 179538687
899 359077374
900 718154748
901 1436309496
902 2872618992
903 2365610401
904 3245454595
905 1502768199
906 3005536398
907 3174610781
908 2701158651
909 2574374839
910 3918702895
911 139744287
912 279488574
913 558977148
914 1117954296
915 2235908592
916 3522921889
917 2022051075
918 4044102150
919 963195469
920 1926390938
921 3852781876
922 272143401
923 544286802
924 1088573604
925 2177147208
926 3640149201
927 1786875875
928 3573751750
929 1903638989
930 3807277978
931 514711925
932 1029423850
933 2058847700
934 4117695400
935 833556753
936 1667113506
937 3334227012
938 1443466953
939 2886933906
940 2203532645
941 3722411147
942 1624244055
943 3248488110
944 1481571101
945 2963142202
946 3125471797
947 2951008811
948 2226692631
949 3523232367
950 2138145439
951 4276290878
952 649530429
953 1299060858
954 2598121716
955 4006176681
956 115591443
957 231182886
958 462365772
959 924731544
960 1849463088
961 3698926176
962 1669546625
963 3339093250
964 1434192965
965 2868385930
966 2390832981
967 3329452267
968 1469568919
969 2939137838
970 2234406941
971 3509433979
972 2032822967
973 4065645934
974 1071164573
975 2142329146
976 4284658292
977 632578729
978 1265157458
979 2530314916
980 4140962569
981 919937107
982 1839874214
983 3679748428
984 1842873561
985 3685747122
986 1813058853
987 3626117706
988 1798656725
989 3597313450
990 2007256341
991 4014512682
992 98578965
993 197157930
994 394315860
995 788631720
996 1577263440
997 3154526880
998 2742911745
999 2643066947
1000 3764717255
1001 465243087
1002 930486174
1003 1860972348
1004 3721944696
1005 1623308977
1006 3246617954
1007 1484254341
1008 2968508682
1009 3132011605
1010 2922147563
1011 2267667351
1012 3575820655
1013 1899259039
1014 3798518078
1015 530617405
1016 1061234810
1017 2122469620
1018 4244939240
1019 561530257
1020 1123060514
1021 2246121028
1022 3501402825
1023 2048349139
1024 4096698278
1025 858540301
1026 1717080602
1027 3434161204
1028 1108561449
1029 2217122898
1030 3543940837
1031 2097773451
1032 4195546902
1033 794093677
1034 1588187354
1035 3176374708
1036 2715174185
1037 2564656147
1038 3939114599
1039 249903759
1040 499807518
1041 999615036
1042 1999230072
1043 3998460144
1044 131487649
1045 262975298
1046 525950596
1047 1051901192
1048 2103802384
1049 4207604768
1050 786755073
1051 1573510146
1052 3147020292
1053 2891347529
1054 2212358867
1055 3704280039
1056 1659150735
1057 3318301470
1058 1357086845
1059 2714173690
1060 2566850485
1061 3935242539
1062 242160663
1063 484321326
1064 968642652
1065 1937285304
1066 3874570608
1067 378766497
1068 757532994
1069 1515065988
1070 3030131976
1071 2991148113
1072 3219365603
1073 2763406215
1074 2451403087
1075 4283163871
1076 635883519
1077 1271767038
1078 2543534076
1079 4098324921
1080 872412467
1081 1744824934
1082 3489649868
1083 1150201817
1084 2300403634
1085 3377183013
1086 1239839755
1087 2479679510
1088 4243117677
1089 580954779
1090 1161909558
1091 2323819116
1092 3463729817
1093 1201251187
1094 2402502374
1095 3306654605
1096 1365119323
1097 2730238646
1098 2651407149
1099 3882057755
1100 364250743
1101 728501486
1102 1457002972
1103 2914005944
1104 2148622641
1105 3679700003
1106 1842777607
1107 3685555214
1108 1814773341
1109 3629546682
1110 1809710901
1111 3619421802
1112 1946614421
1113 3893228842
1114 191556629
1115 383113258
1116 766226516
1117 1532453032
1118 3064906064
1119 3056370913
1120 3072855939
1121 3038845255
1122 2972923087
1123 3105320927
1124 2841631231
1125 2312025535
1126 3370937663
1127 1252645951
1128 2505291902
1129 4057364157
1130 954067771
1131 1908135542
1132 3816271084
1133 496918425
1134 993836850
1135 1987673700
1136 3975347400
1137 43319249
1138 86638498
1139 173276996
1140 346553992
1141 693107984
1142 1386215968
1143 2772431936
1144 2433674945
1145 4184660931
1146 698921415
1147 1397842830
1148 2795685660
1149 2520025209
1150 4145551027
1151 893463335
1152 1786926670
1153 3573853340
1154 1903714169
1155 3807428338
1156 512785317
1157 1025570634
1158 2051141268
1159 4102282536
1160 846642193
1161 1693284386
1162 3386568772
1163 1220863689
1164 2441727378
1165 4167212389
1166 733232267
1167 1466464534
1168 2932929068
1169 2261836313
1170 3604005491
1171 1993376423
1172 3986752846
1173 3345629
1174 6691258
1175 13382516
1176 26765032
1177 53530064
1178 107060128
1179 214120256
1180 428240512
1181 856481024
1182 1712962048
1183 3425924096
1184 1125641793
1185 2251283586
1186 3610165061
1187 1965848779
1188 3931697558
1189 264299885
1190 528599770
1191 1057199540
1192 2114399080
1193 4228798160
1194 594389985
1195 1188779970
1196 2377559940
1197 3223083337
1198 1531557075
1199 3063114150
1200 3059209485
1201 3084823643
1202 3033292535
1203 3001662383
1204 3198316831
1205 2788549759
1206 2535116479
1207 4114914111
1208 838348863
1209 1676697726
1210 3353395452
1211 1420855225
1212 2841710450
1213 2310215845
1214 3356964619
1215 1264543831
1216 2529087662
1217 4128024349
1218 929581179
1219 1859162358
1220 3718324716
1221 1613972889
1222 3227945778
1223 1539051557
1224 3078103114
1225 3045148373
1226 2960362475
1227 3147174295
1228 2891785583
1229 2211138719
1230 3706167167
1231 1656633535
1232 3313267070
1233 1367991485
1234 2735982970
1235 2639697077
1236 3789303595
1237 415848471
1238 831696942
1239 1663393884
1240 3326787768
1241 1474594609
1242 2949189218
1243 2229475973
1244 3535221579
1245 2115985623
1246 4231971246
1247 588023069
1248 1176046138
1249 2352092276
1250 3272945321
1251 1566268179
1252 3132536358
1253 2921097741
1254 2269762139
1255 3588399863
1256 1890861999
1257 3781723998
1258 429918461
1259 859836922
1260 1719673844
1261 3439347688
1262 1097959825
1263 2195919650
1264 3736543237
1265 1713325643
1266 3426651286
1267 1124867949
1268 2249735898
1269 3611393013
1270 1978921387
1271 3957842774
1272 213827821
1273 427655642
1274 855311284
1275 1710622568
1276 3421245136
1277 1286151137
1278 2572302274
1279 3923077573
1280 148624843
1281 297249686
1282 594499372
1283 1188998744
1284 2377997488
1285 3221995297
1286 1533442051
1287 3066884102
1288 3068716621
1289 3063991003
1290 3056636919
1291 3071287727
1292 3042002207
1293 2983431295
1294 3101040319
1295 2866625343
1296 2395697215
1297 3337086527
1298 1455344191
1299 2910688382
1300 2173316797
1301 3630521147
1302 1807462455
1303 3614924910
1304 1973405341
1305 3946810682
1306 219028533
1307 438057066
1308 876114132
1309 1752228264
1310 3504456528
1311 2058518753
1312 4117037506
1313 834340293
1314 1668680586
1315 3337361172
1316 1453926505
1317 2907853010
1318 2178263013
1319 3638184331
1320 1791333719
1321 3582667438
1322 1885819677
1323 3771639354
1324 451693109
1325 903386218
1326 1806772436
1327 3613544872
1328 1974838545
1329 3949677090
1330 229085701
1331 458171402
1332 916342804
1333 1832685608
1334 3665371216
1335 1870874337
1336 3741748674
1337 1702632901
1338 3405265802
1339 1317106005
1340 2634212010
1341 3782525717
1342 429424747
1343 858849494
1344 1717698988
1345 3435397976
1346 1123614961
1347 2247229922
1348 3499427205
1349 2052787531
1350 4105575062
1351 840774509
1352 1681549018
1353 3363098036
1354 1268292905
1355 2536585810
1356 4111692517
1357 827843467
1358 1655686934
1359 3311373868
1360 1372461593
1361 2744923186
1362 2622058021
1363 3823360523
1364 481735255
1365 963470510
1366 1926941020
1367 3853882040
1368 270148401
1369 540296802
1370 1080593604
1371 2161187208
1372 3671274833
1373 1859611875
1374 3719223750
1375 1613542861
1376 3227085722
1377 1539559797
1378 3079119594
1379 3028173717
1380 3012395371
1381 3161064599
1382 2745503599
1383 2621118623
1384 3808900991
1385 494889151
1386 989778302
1387 1979556604
1388 3959113208
1389 210210225
1390 420420450
1391 840840900
1392 1681681800
1393 3363363600
1394 1266724961
1395 2533449922
1396 4118005701
1397 831949259
1398 1663898518
1399 3327797036
1400 1472546841
1401 2945093682
1402 2221155877
1403 3552135691
1404 2080608855
1405 4161217710
1406 729763613
1407 1459527226
1408 2919054452
1409 2156625577
1410 3664247571
1411 1874784359
1412 3749568718
1413 1703593949
1414 3407187898
1415 1297750325
1416 2595500650
1417 3994641045
1418 121881451
1419 243762902
1420 487525804
1421 975051608
1422 1950103216
1423 3900206432
1424 193059969
1425 386119938
1426 772239876
1427 1544479752
1428 3088959504
1429 2873792097
1430 2380540547
1431 3233370951
1432 1510187215
1433 3020374430
1434 3011478909
1435 3180203195
1436 2691505975
1437 2611689519
1438 3962009119
1439 54520447
1440 109040894
1441 218081788
1442 436163576
1443 872327152
1444 1744654304
1445 3489308608
1446 1149516225
1447 2299032450
1448 3378635077
1449 1236452555
1450 2472905110
1451 4256830829
1452 537210011
1453 1074420022
1454 2148840044
1455 3680002713
1456 1841415027
1457 3682830054
1458 1819675533
1459 3639351066
1460 1789470837
1461 3578941674
1462 1909827477
1463 3819654954
1464 472356885
1465 944713770
1466 1889427540
1467 3778855080
1468 419989265
1469 839978530
1470 1679957060
1471 3359914120
1472 1274640209
1473 2549280418
1474 4103396101
1475 844673099
1476 1689346198
1477 3378692396
1478 1236567065
1479 2473134130
1480 4255323685
1481 540486155
1482 1080972310
1483 2161944620
1484 3670562329
1485 1860282995
1486 3720565990
1487 1626845069
1488 3253690138
1489 1487911029
1490 2975822058
1491 3117410197
1492 2834221419
1493 2326566039
1494 3458740079
1495 1193367711
1496 2386735422
1497 3354682429
1498 1419365947
1499 2838731894
1500 2299936429
1501 3378346779
1502 1238102135
1503 2476204270
1504 4234069917
1505 600607099
1506 1201214198
1507 2402428396
1508 3306507673
1509 1364958579
1510 2729917158
1511 2652861325
1512 3880771931
1513 367969527
1514 735939054
1515 1471878108
1516 2943756216
1517 2241677617
1518 3494614051
1519 2078682631
1520 4157365262
1521 887733853
1522 1775467706
1523 3550935412
1524 2084369577
1525 4168739154
1526 729994469
1527 1459988938
1528 2919977876
1529 2271715689
1530 3586016403
1531 1879936871
1532 3759873742
1533 457653213
1534 915306426
1535 1830612852
1536 3661225704
1537 1862450065
1538 3724900130
1539 1736173573
1540 3472347146
1541 1184802389
1542 2369604778
1543 3238764309
1544 1499871339
1545 2999742678
1546 3203000301
1547 2795686299
1548 2520028535
1549 4145556655
1550 893476639
1551 1786953278
1552 3573906556
1553 1903951545
1554 3807903090
1555 513735845
1556 1027471690
1557 2054943380
1558 4109886760
1559 849267729
1560 1698535458
1561 3397070916
1562 1334273737
1563 2668547474
1564 3849100645
1565 296238219
1566 592476438
1567 1184952876
1568 2369905752
1569 3253915377
1570 1486134179
1571 2972268358
1572 3106105549
1573 2839009243
1574 2300488183
1575 3377223087
1576 1240050975
1577 2480101950
1578 4241994301
1579 584999483
1580 1169998966
1581 2339997932
1582 3447855001
1583 1081420147
1584 2162840294
1585 3668288397
1586 1849311579
1587 3698623158
1588 1670906669
1589 3341813338
1590 1427180277
1591 2854360554
1592 2402626965
1593 3306904939
1594 1363655831
1595 2727311662
1596 2658137117
1597 3887001211
1598 338483895
1599 676967790
1600 1353935580
1601 2707871160
1602 2579279153
1603 3892861987
1604 190955015
1605 381910030
1606 763820060
1607 1527640120
1608 3055280240
1609 3074868897
1610 3053226755
1611 2961707079
1612 3126929103
1613 2947763167
1614 2216137215
1615 3546162623
1616 2110606655
1617 4221213310
1618 742666941
1619 1485333882
1620 2970667764
1621 3109065641
1622 2848989459
1623 2295415911
1624 3402862223
1625 1322654559
1626 2645309118
1627 3760810813
1628 455331899
1629 910663798
1630 1821327596
1631 3642655192
1632 1766589937
1633 3533179874
1634 2118193541
1635 4236387082
1636 578109525
1637 1156219050
1638 2312438100
1639 3369796841
1640 1254559635
1641 2509119270
1642 4033689613
1643 1001092699
1644 2002185398
1645 4004370796
1646 103462041
1647 206924082
1648 413848164
1649 827696328
1650 1655392656
1651 3310785312
1652 1373380609
1653 2746761218
1654 2617345605
1655 3815901899
1656 496309207
1657 992618414
1658 1985236828
1659 3970473656
1660 35666737
1661 71333474
1662 142666948
1663 285333896
1664 570667792
1665 1141335584
1666 2282671168
1667 3412893377
1668 1302870979
1669 2605741958
1670 3989956941
1671 13817051
1672 27634102
1673 55268204
1674 110536408
1675 221072816
1676 442145632
1677 884291264
1678 1768582528
1679 3537165056
1680 2128130113
1681 4256260226
1682 538167109
1683 1076334218
1684 2152668436
1685 3689888873
1686 1823440531
1687 3646881062
1688 1775041549
1689 3550083098
1690 2084763253
1691 4169526506
1692 712695701
1693 1425391402
1694 2850782804
1695 2292710121
1696 3393123219
1697 1326244199
1698 2652488398
1699 3879896029
1700 368312827
1701 736625654
1702 1473251308
1703 2946502616
1704 2217810417
1705 3541251491
1706 2102881543
1707 4205763086
1708 774681181
1709 1549362362
1710 3098724724
1711 2853475497
1712 2404921107
1713 3317782631
1714 1358149263
1715 2716298526
1716 2562710653
1717 3926834875
1718 258767671
1719 517535342
1720 1035070684
1721 2070141368
1722 4140282736
1723 922640545
1724 1845281090
1725 3690562180
1726 1820459849
1727 3640919698
1728 1769540453
1729 3539080906
1730 2123705301
1731 4247410602
1732 556116245
1733 1112232490
1734 2224464980
1735 3529264873
1736 2143918995
1737 4287837990
1738 609708045
1739 1219416090
1740 2438832180
1741 4190783017
1742 686131731
1743 1372263462
1744 2744526924
1745 2623362777
1746 3821775859
1747 484856231
1748 969712462
1749 1939424924
1750 3878849848
1751 353639473
1752 707278946
1753 1414557892
1754 2829115784
1755 2318452049
1756 3473968355
1757 1162878855
1758 2325757710
1759 3459348573
1760 1192490747
1761 2384981494
1762 3342785965
1763 1426898203
1764 2853796406
1765 2403594797
1766 3321291291
1767 1352450679
1768 2704901358
1769 2567049117
1770 3916765563
1771 161166519
1772 322333038
1773 644666076
1774 1289332152
1775 2578664304
1776 3893858465
1777 190719747
1778 381439494
1779 762878988
1780 1525757976
1781 3051515952
1782 2964710945
1783 3122317827
1784 2940506695
1785 2247631567
1786 3498132447
1787 2054390271
1788 4108780542
1789 851378621
1790 1702757242
1791 3405514484
1792 1317604265
1793 2635208530
1794 3780454629
1795 433805195
1796 867610390
1797 1735220780
1798 3470441560
1799 1187282673
1800 2374565346
1801 3227581829
1802 1538325835
1803 3076651670
1804 3048403821
1805 2954158235
1806 3143157623
1807 2915076271
1808 2163218207
1809 3666946175
1810 1850955455
1811 3701910910
1812 1648123069
1813 3296246138
1814 1400927413
1815 2801854826
1816 2507199637
1817 4052791147
1818 944789655
1819 1889579310
1820 3779158620
1821 435405561
1822 870811122
1823 1741622244
1824 3483244488
1825 1145907665
1826 2291815330
1827 3393560837
1828 1341801547
1829 2683603094
1830 3835172717
1831 306260123
1832 612520246
1833 1225040492
1834 2450080984
1835 4284714993
1836 632691107
1837 1265382214
1838 2530764428
1839 4139895641
1840 921866483
1841 1843732966
1842 3687465932
1843 1826980313
1844 3653960626
1845 1759969573
1846 3519939146
1847 2028798677
1848 4057597354
1849 952438037
1850 1904876074
1851 3809752148
1852 492400361
1853 984800722
1854 1969601444
1855 3939202888
1856 250079441
1857 500158882
1858 1000317764
1859 2000635528
1860 4001271056
1861 126622817
1862 253245634
1863 506491268
1864 1012982536
1865 2025965072
1866 4051930144
1867 947265025
1868 1894530050
1869 3789060100
1870 415364681
1871 830729362
1872 1661458724
1873 3322917448
1874 1466852049
1875 2933704098
1876 2261290245
1877 3605011531
1878 1991327447
1879 3982654894
1880 28704029
1881 57408058
1882 114816116
1883 229632232
1884 459264464
1885 918528928
1886 1837057856
1887 3674115712
1888 1854675777
1889 3709351554
1890 1631677253
1891 3263354506
1892 1584704341
1893 3169408682
1894 2728635157
1895 2654359659
1896 3877480087
1897 357190511
1898 714381022
1899 1428762044
1900 2857524088
1901 2413146289
1902 3302647587
1903 1388693511
1904 2777387022
1905 2422613597
1906 4223486715
1907 738956215
1908 1477912430
1909 2955824860
1910 3140328441
1911 2905223603
1912 2166711591
1913 3644574735
1914 1762041439
1915 3524082878
1916 2137751357
1917 4275502714
1918 652016309
1919 1304032618
1920 2608065236
1921 3986084841
1922 6070675
1923 12141350
1924 24282700
1925 48565400
1926 97130800
1927 194261600
1928 388523200
1929 777046400
1930 1554092800
1931 3108185600
1932 2851555905
1933 2292159171
1934 3394118599
1935 1340948943
1936 2681897886
1937 3838050685
1938 318309563
1939 636619126
1940 1273238252
1941 2546476504
1942 4108406257
1943 850632099
1944 1701264198
1945 3402528396
1946 1324215129
1947 2648430258
1948 3771116325
1949 452743179
1950 905486358
1951 1810972716
1952 3621945432
1953 1957955313
1954 3915910626
1955 161553797
1956 323107594
1957 646215188
1958 1292430376
1959 2584860752
1960 4015175393
1961 97807235
1962 195614470
1963 391228940
1964 782457880
1965 1564915760
1966 3129831520
1967 2926306945
1968 2275855171
1969 3560739015
1970 1929914319
1971 3859828638
1972 391223677
1973 782447354
1974 1564894708
1975 3129789416
1976 2926088593
1977 2275419491
1978 3560000647
1979 1930665807
1980 3861331614
1981 390036349
1982 780072698
1983 1560145396
1984 3120290792
1985 2827399569
1986 2323408227
1987 3481914503
1988 1147313999
1989 2294627998
1990 3405478781
1991 1317531835
1992 2635063670
1993 3782132909
1994 430739227
1995 861478454
1996 1722956908
1997 3445913816
1998 1102706673
1999 2205413346
2000 3717650821
2001 1616688459
2002 3233376918
2003 1510200173
2004 3020400346
2005 3011398645
2006 3180171691
2007 2691310871
2008 2611301487
2009 3963330207
2010 50740095
2011 101480190
2012 202960380
2013 405920760
2014 811841520
2015 1623683040
2016 3247366080
2017 1483520449
2018 2967040898
2019 3133399365
2020 2935407819
2021 2258407383
2022 3595049455
2023 2011248031
2024 4022496062
2025 83218493
2026 166436986
2027 332873972
2028 665747944
2029 1331495888
2030 2662991776
2031 3859089665
2032 393942083
2033 787884166
2034 1575768332
2035 3151536664
2036 2898281073
2037 2196865699
2038 3734110983
2039 1716846671
2040 3433693342
2041 1109723005
2042 2219446010
2043 3555007413
2044 2092642603
2045 4185285206
2046 698204909
2047 1396409818
2048 2792819636
2049 2543784233
2050 4098827283
2051 871321191
2052 1742642382
2053 3485284764
2054 1141601657
2055 2283203314
2056 3411858341
2057 1304994059
2058 2609988118
2059 3964895853
2060 64357019
2061 128714038
2062 257428076
2063 514856152
2064 1029712304
2065 2059424608
2066 4118849216
2067 812665793
2068 1625331586
2069 3250663172
2070 1492342857
2071 2984685714
2072 3099354981
2073 2852767883
2074 2405603159
2075 3316918511
2076 1343838111
2077 2687676222
2078 2601801789
2079 3982079547
2080 29518391
2081 59036782
2082 118073564
2083 236147128
2084 472294256
2085 944588512
2086 1889177024
2087 3778354048
2088 421212481
2089 842424962
2090 1684849924
2091 3369699848
2092 1254232657
2093 2508465314
2094 4034481925
2095 998479947
2096 1996959894
2097 3993919788
2098 124634137
2099 249268274
2100 498536548
2101 997073096
2102 1994146192
2103 3988292384
++++++++++++++++++++++++
3345629 1173
6070675 1922
6691258 1174
7860237 184
12141350 1923
13382516 1175
13817051 1671
15720474 185
18968019 135
24282700 1924
26765032 1176
27634102 1672
28704029 1880
29518391 2080
31440948 186
35666737 1660
37936038 136
43319249 1137
43752193 353
47827553 870
48565400 1925
50740095 2010
53530064 1177
54520447 1439
55268204 1673
57408058 1881
59036782 2081
62881896 187
63119431 38
63472093 259
64357019 2060
66713699 88
67749395 167
71333474 1661
71706511 782
72316783 305
75872076 137
78721601 194
83218493 2025
83714999 109
86638498 1138
87504386 354
92312311 286
94041465 809
95655106 871
97130800 1926
97807235 1961
98578965 992
101217839 562
101480190 2011
103462041 1646
105826493 232
107060128 1178
109040894 1440
110536408 1674
114816116 1882
115591443 956
115744337 829
118073564 2082
119185887 819
121881451 1418
123171729 854
124234357 347
124634137 2098
125763792 188
126238862 39
126622817 1861
126944186 260
128714038 2061
131487649 1044
133427398 89
135498790 168
139744287 911
142666948 1662
143413022 783
144633566 306
148624843 1280
151744152 138
157056649 732
157443202 195
161166519 1771
161553797 1955
164176547 121
166436986 2026
166990095 150
167429998 110
168241255 31
171528685 459
173276996 1139
175008772 355
176953715 381
179538687 898
180673261 672
182712215 841
184624622 287
188082930 810
190719747 1777
190955015 1604
191310212 872
191556629 1114
193059969 1424
194261600 1927
195614470 1962
197157930 993
197941893 611
202435678 563
202960380 2012
206924082 1647
209201225 48
210210225 1389
211652986 233
213827821 1272
214120256 1179
218081788 1441
219028533 1306
221072816 1675
229085701 1330
229632232 1883
231182886 957
231488674 830
232825583 641
236147128 2083
238371774 820
242160663 1062
243762902 1419
246276609 860
246343458 855
248333921 865
248468714 348
249268274 2099
249903759 1039
250079441 1856
251527584 189
252477724 40
252985945 741
253245634 1862
253888372 261
255304575 703
257428076 2062
258767671 1718
262975298 1045
264299885 1189
266854796 90
270148401 1368
270997580 169
272143401 922
278350083 156
279488574 912
285333896 1663
286826044 784
289267132 307
296238219 1565
297249686 1281
300970673 421
303488304 139
306260123 1831
314113298 733
314886404 196
318309563 1938
321048899 116
322333038 1772
323107594 1956
326326165 83
328353094 122
332873972 2027
333980190 151
334859996 111
336482510 32
338483895 1598
343057370 460
344937009 470
346553992 1140
347438399 884
347827529 749
350017544 356
353639473 1751
353907430 382
356546259 99
357190511 1897
359077374 899
360724217 688
361346522 673
364250743 1100
365424430 842
367969527 1513
368312827 1700
369249244 288
376165860 811
378766497 1067
381439494 1778
381910030 1605
382620424 873
383113258 1115
386119938 1425
388523200 1928
390036349 1981
391223677 1972
391228940 1963
392686073 433
393942083 2032
394315860 994
394634447 619
395243117 410
395883786 612
401626917 206
404871356 564
405920760 2013
413848164 1648
415364681 1870
415848471 1237
418402450 49
419989265 1468
420300367 626
420420450 1390
420558249 766
421212481 2088
423305972 234
427655642 1273
428240512 1180
429220059 792
429424747 1342
429918461 1258
430051081 510
430529509 592
430739227 1994
433805195 1795
435405561 1821
436163576 1442
438057066 1307
442145632 1676
451693109 1324
452322583 605
452743179 1949
455331899 1628
457653213 1533
458171402 1331
459264464 1884
462365772 958
462977348 831
465243087 1001
465651166 642
472294256 2084
472356885 1464
476743548 821
480778063 417
481735255 1364
484321326 1063
484856231 1747
486532423 466
487525804 1420
492400361 1852
492553218 861
492686916 856
494889151 1385
496309207 1656
496667842 866
496918425 1133
496937428 349
498536548 2100
499279709 850
499807518 1040
500158882 1857
500789633 825
503055168 190
504955448 41
505971890 742
506491268 1863
507776744 262
510609150 704
512785317 1156
513101413 326
513735845 1555
514711925 931
514856152 2063
517535342 1719
520707997 15
520891613 248
525950596 1046
528599770 1190
530617405 1015
533709592 91
534487555 127
537210011 1452
538167109 1682
538805543 73
540296802 1369
540486155 1481
541995160 170
543744537 339
544286802 923
549380029 493
556116245 1732
556700166 157
558977148 913
561530257 1019
565521269 178
570667792 1664
573652088 785
578109525 1636
578534264 308
580954779 1089
581713817 2
584999483 1579
587087945 269
588023069 1247
592476438 1566
594389985 1194
594499372 1282
595828615 476
600607099 1505
601679661 278
601941346 422
603239247 213
606976608 140
609708045 1738
612520246 1832
628226596 734
629772808 197
632578729 977
632691107 1836
635883519 1076
636619126 1939
642097798 117
644666076 1773
645001531 377
646215188 1957
647605453 163
649530429 952
650847857 131
652016309 1918
652652330 84
656706188 123
663566273 95
665747944 2028
667960380 152
669719992 112
672965020 33
676495837 26
676967790 1599
686114740 461
686131731 1742
688018615 68
689874018 471
693107984 1141
694876798 885
695655058 750
698204909 2046
698921415 1146
700035088 357
702305133 801
707278946 1752
707814860 383
712695701 1692
713092518 100
714381022 1898
718154748 900
719239835 544
721448434 689
722693044 674
728501486 1101
729763613 1406
729994469 1526
730481355 241
730848860 843
733203345 252
733232267 1166
735939054 1514
736427921 19
736625654 1701
738498488 289
738956215 1907
742666941 1618
752331720 812
755522567 890
757532994 1068
762878988 1779
763820060 1606
765240848 874
766226516 1116
768930039 221
772239876 1426
774681181 1708
777046400 1929
780072698 1982
780943751 755
782447354 1973
782457880 1964
785372146 434
786755073 1050
787884166 2033
788631720 995
789268894 620
790486234 411
791767572 613
793291971 144
794093677 1033
796812313 776
803253834 207
809742712 565
811841520 2014
812665793 2067
817373003 633
827696328 1649
827843467 1357
830729362 1871
831696942 1238
831949259 1397
833556753 935
834340293 1313
836804900 50
838348863 1208
839978530 1469
840187567 396
840600734 627
840774509 1351
840840900 1391
841116498 767
841342993 330
842424962 2089
844673099 1475
846611944 235
846642193 1160
849267729 1559
850632099 1943
851378621 1789
855311284 1274
856481024 1181
856986379 402
858440118 793
858540301 1025
858849494 1343
859836922 1259
860102162 511
861059018 593
861478454 1995
867610390 1796
870811122 1822
871321191 2051
872139323 535
872327152 1443
872412467 1080
872991669 444
874409963 582
876114132 1308
884291264 1677
887733853 1521
889858627 201
893452937 321
893463335 1151
893476639 1550
897114661 587
903386218 1325
904645166 606
905486358 1950
910663798 1629
915306426 1534
916342804 1332
918528928 1885
919937107 981
921866483 1840
922640545 1723
924731544 959
925954696 832
928664393 711
929108423 362
929581179 1218
930486174 1002
931302332 643
934046181 449
938223007 574
944506493 763
944588512 2085
944713770 1465
944789655 1818
945447209 507
947265025 1867
952438037 1849
953487096 822
954067771 1130
961556126 418
963195469 919
963470510 1365
964877815 430
968642652 1064
969712462 1748
970860055 685
972639585 746
973064846 467
975051608 1421
977645337 729
982296707 738
984800722 1853
985106436 862
985373832 857
987833793 45
989778302 1386
992618414 1657
993335684 867
993836850 1134
993874856 350
997073096 2101
998479947 2095
998559418 851
999615036 1041
1000317764 1858
1001092699 1643
1001579266 826
1004371559 806
1006110336 191
1009161515 726
1009910896 42
1011943780 743
1012982536 1864
1013279981 504
1015553488 263
1020715227 315
1021218300 705
1025570634 1157
1026202826 327
1027471690 1556
1029423850 932
1029712304 2064
1032153505 708
1035070684 1720
1036386457 318
1041415994 16
1041783226 249
1048702027 773
1051901192 1047
1057199540 1191
1060235457 266
1061234810 1016
1063468171 336
1067419184 92
1068975110 128
1071164573 974
1074420022 1453
1076334218 1683
1077611086 74
1080593604 1370
1080972310 1482
1081420147 1583
1083990320 171
1087489074 340
1088573604 924
1095890641 514
1097959825 1262
1098760058 494
1102706673 1998
1105508369 596
1108561449 1028
1109723005 2041
1109855217 796
1112232490 1733
1113400332 158
1115098707 273
1116389901 499
1117954296 914
1123060514 1020
1123614961 1346
1124867949 1267
1125641793 1184
1127752677 454
1128255421 667
1131042538 179
1138073113 405
1141335584 1665
1141601657 2054
1145907665 1825
1147304176 786
1147313999 1988
1149516225 1446
1150201817 1083
1152341913 538
1156219050 1637
1157068528 309
1161909558 1090
1162878855 1757
1163427634 3
1169998966 1580
1174175890 270
1176046138 1248
1180412487 388
1184802389 1541
1184952876 1567
1187282673 1799
1188779970 1195
1188998744 1283
1189374149 648
1191442285 519
1191657230 477
1192490747 1760
1192748503 57
1193367711 1495
1196487507 6
1201214198 1506
1201251187 1093
1203359322 279
1203882692 423
1206478494 214
1213953216 141
1219416090 1739
1220749569 238
1220863689 1163
1223276043 541
1225040492 1833
1232887679 374
1236452555 1449
1236567065 1478
1238102135 1502
1239839755 1086
1240050975 1576
1244183875 312
1245099005 723
1247676105 333
1247960273 770
1252645951 1127
1254232657 2092
1254559635 1640
1256453192 735
1259545616 198
1261546661 579
1264543831 1215
1265157458 978
1265382214 1837
1266724961 1394
1268292905 1354
1269129905 630
1271732255 532
1271767038 1077
1271984953 399
1273238252 1940
1274640209 1472
1284195596 118
1286151137 1277
1289332152 1774
1290003062 378
1292430376 1958
1295210906 164
1297750325 1415
1299060858 953
1301695714 132
1302870979 1668
1304032618 1919
1304994059 2057
1305304660 85
1313412376 124
1317064003 789
1317106005 1339
1317531835 1991
1317604265 1792
1322654559 1625
1324215129 1946
1326244199 1697
1327132546 96
1331495888 2029
1334273737 1562
1335920760 153
1339439984 113
1340948943 1935
1341801547 1828
1343838111 2076
1345930040 34
1347069703 105
1348302867 282
1352450679 1767
1352991674 27
1353403973 837
1353935580 1600
1357086845 1058
1358149263 1714
1363655831 1594
1364958579 1509
1365119323 1096
1367991485 1233
1370107757 601
1372229480 462
1372263462 1743
1372461593 1360
1373380609 1652
1376037230 69
1379748036 472
1385518199 64
1386215968 1142
1388693511 1903
1389753596 886
1389903411 217
1391310116 751
1396409818 2047
1397842830 1147
1400070176 358
1400927413 1814
1402508125 681
1402821859 426
1404610266 802
1414557892 1753
1415629720 384
1416892257 53
1419365947 1498
1420855225 1211
1425391402 1693
1426185036 101
1426898203 1763
1427180277 1590
1428762044 1899
1428956283 60
1434192965 964
1435283883 522
1436309496 901
1437266611 480
1438479670 545
1442896868 690
1443466953 938
1445386088 675
1453926505 1316
1455344191 1298
1457002972 1102
1459527226 1407
1459988938 1527
1460962710 242
1460965467 9
1461697720 844
1466406690 253
1466464534 1167
1466852049 1874
1469568919 968
1471878108 1515
1472546841 1400
1472855842 20
1473251308 1702
1474594609 1241
1476996976 290
1477912430 1908
1481571101 944
1483520449 2017
1484254341 1007
1485333882 1619
1486134179 1570
1486621047 526
1487911029 1489
1492342857 2070
1499871339 1544
1500286337 568
1502768199 905
1504663440 813
1510187215 1432
1510200173 2003
1511045134 891
1511764061 696
1515065988 1069
1519855525 367
1521503467 651
1523185791 658
1525757976 1780
1526216951 484
1527640120 1607
1530481696 875
1531557075 1198
1532453032 1117
1533442051 1286
1535131815 549
1537860078 222
1538325835 1802
1539051557 1223
1539559797 1377
1544479752 1427
1549362362 1709
1554092800 1930
1560145396 1983
1561887502 756
1564894708 1974
1564915760 1965
1566268179 1251
1570744292 435
1573510146 1051
1575768332 2034
1576826469 716
1577263440 996
1578537788 621
1580972468 412
1583535144 614
1584704341 1892
1586583942 145
1588187354 1034
1588722713 636
1592703679 557
1593606837 300
1593624626 777
1598970107 391
1606507668 208
1613542861 1375
1613972889 1221
1616555399 694
1616688459 2001
1618577529 365
1619485424 566
1623308977 1005
1623683040 2015
1624244055 942
1625331586 2068
1626845069 1487
1631677253 1890
1633902909 298
1634746006 634
1638095881 714
1647994183 679
1648123069 1812
1655392656 1650
1655686934 1358
1656146507 599
1656633535 1231
1659150735 1056
1660326401 835
1661458724 1872
1663393884 1239
1663898518 1398
1667113506 936
1668680586 1314
1669546625 962
1670906669 1588
1673609800 51
1676697726 1209
1678781113 577
1679957060 1470
1680375134 397
1681201468 628
1681549018 1352
1681681800 1392
1682232996 768
1682685986 331
1683090799 721
1684849924 2090
1689346198 1476
1693223888 236
1693284386 1161
1698535458 1560
1701264198 1944
1702632901 1337
1702757242 1790
1703593949 1413
1710622568 1275
1712474473 452
1712566911 665
1712962048 1182
1713325643 1265
1713972758 403
1716846671 2039
1716880236 794
1717080602 1026
1717698988 1344
1719595283 497
1719673844 1260
1720204324 512
1722118036 594
1722956908 1996
1729936459 517
1734695841 646
1735220780 1797
1736173573 1539
1741622244 1823
1742642382 2052
1744278646 536
1744654304 1444
1744824934 1081
1745983338 445
1747705167 440
1748819926 583
1752228264 1309
1759969573 1845
1762041439 1914
1766589937 1632
1768582528 1678
1768948547 174
1769540453 1728
1775041549 1688
1775467706 1522
1779717254 202
1784439949 79
1786875875 927
1786905874 322
1786926670 1152
1786953278 1551
1789470837 1460
1791333719 1320
1794229322 588
1797073747 343
1798656725 988
1806772436 1326
1807462455 1302
1809290332 607
1809710901 1110
1810972716 1951
1813058853 986
1814773341 1108
1816877235 77
1819675533 1458
1820459849 1726
1821327596 1630
1823440531 1686
1826980313 1843
1830612852 1535
1832685608 1333
1837057856 1886
1839874214 982
1841415027 1456
1842777607 1106
1842873561 984
1843732966 1841
1845281090 1724
1849311579 1586
1849463088 960
1850955455 1810
1851909392 833
1854183903 296
1854675777 1888
1857328786 712
1858216846 363
1859162358 1219
1859611875 1373
1860282995 1485
1860972348 1003
1862450065 1537
1862604664 644
1868092362 450
1870874337 1335
1874784359 1411
1876446014 575
1879936871 1531
1885819677 1322
1889012986 764
1889177024 2086
1889427540 1466
1889579310 1819
1890861999 1256
1890894418 508
1890981737 590
1894530050 1868
1897797239 13
1897876135 246
1899259039 1013
1903638989 929
1903714169 1154
1903759881 324
1903951545 1553
1904876074 1850
1906974192 823
1907152967 848
1908135542 1131
1909827477 1462
1912640629 81
1923112252 419
1926390938 920
1926941020 1366
1929755630 431
1929914319 1970
1930665807 1979
1931498585 204
1933572619 408
1937285304 1065
1939424924 1749
1941720110 686
1945279170 747
1946129692 468
1946614421 1112
1949259569 609
1950103216 1422
1951536619 457
1953330987 670
1955290674 730
1957955313 1953
1964593414 739
1965848779 1187
1969601444 1854
1970212872 863
1970747664 858
1973405341 1304
1974838545 1328
1975667586 46
1978921387 1270
1979556604 1387
1982751207 257
1985236828 1658
1986671368 868
1987673700 1135
1987749712 351
1991327447 1878
1992408467 182
1993376423 1171
1994146192 2102
1996860173 345
1996959894 2096
1997118836 852
1999230072 1042
2000635528 1859
2001728447 230
2002185398 1644
2003158532 827
2007256341 990
2008743118 807
2011248031 2023
2012220672 192
2018323030 727
2019821792 43
2022051075 917
2023887560 744
2025965072 1865
2026559962 505
2026848271 761
2028798677 1847
2031106976 264
2032822967 972
2041430454 316
2042436600 706
2042960555 502
2048349139 1023
2051141268 1158
2052405652 328
2052787531 1349
2054390271 1787
2054943380 1557
2058518753 1311
2058847700 933
2059424608 2065
2064307010 709
2067225577 447
2070141368 1721
2072148249 585
2072772914 319
2078176125 442
2078682631 1519
2080608855 1404
2082831988 17
2083566452 250
2084369577 1524
2084763253 1690
2091603275 799
2092642603 2044
2093539815 24
2097404054 774
2097773451 1031
2102881543 1706
2103802384 1048
2110606655 1616
2114399080 1192
2115985623 1245
2116778075 276
2118193541 1634
2120470914 267
2121748086 0
2122469620 1017
2123705301 1730
2125531981 176
2126936342 337
2128130113 1680
2129917567 491
2134838368 93
2137751357 1916
2137950220 129
2138145439 950
2138712739 161
2142329146 975
2143918995 1736
2148622641 1104
2148840044 1454
2152668436 1684
2155222172 75
2156625577 1409
2160452807 294
2161187208 1371
2161944620 1483
2162840294 1584
2163218207 1808
2166711591 1912
2167980640 172
2171483619 438
2173316797 1300
2174978148 341
2177147208 925
2178263013 1318
2188425707 719
2191781282 515
2195729967 663
2195919650 1263
2196865699 2037
2197520116 495
2203532645 940
2205313489 692
2205413346 1999
2211016738 597
2211138719 1229
2212358867 1054
2213174241 677
2216137215 1614
2217122898 1029
2217810417 1704
2219446010 2042
2219710434 797
2220292809 22
2221155877 1402
2224464980 1734
2226692631 948
2226800664 159
2228764463 489
2229475973 1243
2230197414 274
2232779802 500
2234406941 970
2235908592 915
2237076147 759
2241677617 1517
2246121028 1021
2247229922 1347
2247631567 1785
2249735898 1268
2251283586 1185
2255505354 455
2256510842 668
2258407383 2021
2260155999 228
2261290245 1876
2261836313 1169
2262085076 180
2263833289 255
2265969825 846
2267222041 244
2267236141 11
2267667351 1011
2269762139 1254
2271715689 1529
2275419491 1977
2275855171 1968
2276146226 406
2282671168 1666
2283203314 2055
2291815330 1826
2292159171 1933
2292710121 1695
2294608352 787
2294627998 1989
2295415911 1623
2299032450 1447
2299936429 1500
2300403634 1084
2300488183 1574
2302399855 372
2304683826 539
2308408503 530
2310215845 1213
2312025535 1125
2312438100 1638
2314137056 310
2318452049 1755
2323408227 1986
2323819116 1091
2325757710 1758
2325822405 55
2326566039 1493
2326855268 4
2331125793 386
2339997932 1581
2348351780 271
2352092276 1249
2360824974 389
2363452447 555
2365610401 903
2369604778 1542
2369905752 1568
2370027757 524
2374292121 547
2374565346 1800
2377559940 1196
2377997488 1284
2378748298 649
2379660463 656
2379926669 482
2380540547 1430
2382884570 520
2383314460 478
2384981494 1761
2385497006 58
2386735422 1496
2390832981 966
2392975014 7
2395697215 1296
2402428396 1507
2402502374 1094
2402626965 1592
2403594797 1765
2404921107 1712
2405603159 2074
2406718644 280
2406902641 103
2407765384 424
2411829165 62
2412956988 215
2413146289 1901
2417098381 219
2418464177 888
2422613597 1905
2427906432 142
2429014737 753
2433674945 1144
2435078045 66
2438832180 1740
2441499138 239
2441727378 1164
2446552086 542
2450080984 1834
2451403087 1074
2465775358 375
2472780793 71
2472905110 1450
2473134130 1479
2474911057 474
2476204270 1503
2476338787 211
2479679510 1087
2480101950 1577
2488367750 313
2490198010 724
2495352210 334
2495920546 771
2500097485 428
2501069621 683
2505291902 1128
2507199637 1816
2508465314 2093
2509119270 1641
2509479209 804
2512906384 736
2519091232 199
2520025209 1149
2520028535 1548
2523093322 580
2527054807 572
2528937665 360
2529087662 1216
2530314916 979
2530764428 1838
2533449922 1395
2535116479 1206
2536585810 1355
2538259810 631
2543464510 533
2543534076 1078
2543784233 2049
2543969906 400
2546476504 1941
2548157723 394
2549280418 1473
2552031755 639
2561223279 701
2562710653 1716
2564656147 1037
2566850485 1060
2567049117 1769
2568391192 119
2568603379 148
2572302274 1278
2574374839 909
2578664304 1775
2579279153 1602
2580006124 379
2580029455 896
2581348181 839
2581924009 29
2584012301 284
2584860752 1959
2589694557 107
2590421812 165
2591378259 780
2591498091 303
2594335431 817
2595500650 1416
2598121716 954
2598821691 560
2601801789 2078
2603391428 133
2605741958 1669
2608065236 1920
2609988118 2058
2610170529 36
2610609320 86
2611301487 2008
2611689519 1437
2617345605 1654
2621118623 1383
2622058021 1362
2622408547 415
2623224801 464
2623362777 1745
2626824752 125
2634128006 790
2634212010 1340
2635063670 1992
2635208530 1793
2636616483 624
2639697077 1235
2643066947 999
2645309118 1626
2648292341 603
2648430258 1947
2651407149 1098
2652488398 1698
2652861325 1511
2654265092 97
2654359659 1895
2655624703 882
2658137117 1596
2659560323 617
2662991776 2030
2668547474 1563
2671841520 154
2678879968 114
2681897886 1936
2683603094 1829
2687676222 2077
2691310871 2007
2691505975 1436
2691860080 35
2692884105 779
2692942997 302
2694139406 106
2696605734 283
2697718973 559
2699671107 816
2701158651 908
2704564313 147
2704901358 1768
2705983348 28
2706807946 838
2707198759 895
2707871160 1601
2713122341 638
2714173690 1059
2715174185 1036
2716298526 1715
2716603927 700
2727311662 1595
2728152543 881
2728635157 1894
2729917158 1510
2730238646 1097
2734315233 616
2735982970 1234
2737523377 623
2740215514 602
2742911745 998
2744458960 463
2744526924 1744
2744923186 1361
2745163921 414
2745503599 1382
2746761218 1653
2752074460 70
2759095313 210
2759496072 473
2763406215 1073
2771036398 65
2772431936 1143
2777387022 1904
2779507192 887
2779806822 218
2782620232 752
2788549759 1205
2789762477 393
2792819636 2048
2795685660 1148
2795686299 1547
2800140352 359
2801231563 571
2801854826 1815
2805016250 682
2805643718 427
2809220532 803
2827399569 1985
2829115784 1754
2831259440 385
2833784514 54
2834221419 1492
2837801367 371
2838731894 1499
2839009243 1573
2841631231 1124
2841710450 1212
2842902907 529
2848989459 1622
2850782804 1694
2851555905 1932
2852370072 102
2852767883 2073
2853475497 1711
2853796406 1764
2854360554 1591
2857524088 1900
2857912566 61
2866625343 1295
2868385930 965
2870567766 523
2872618992 902
2873792097 1429
2874400119 655
2874533222 481
2876959340 546
2883007791 554
2885793736 691
2886933906 939
2890772176 676
2891347529 1053
2891785583 1228
2894127061 718
2898281073 2036
2898826295 662
2903480785 437
2905223603 1911
2907853010 1317
2910688382 1299
2914005944 1103
2915076271 1807
2916774211 293
2919054452 1408
2919977876 1528
2921097741 1253
2921925420 243
2921930934 10
2922147563 1010
2923395440 845
2926088593 1976
2926306945 1967
2932813380 254
2932929068 1168
2933704098 1875
2934119439 227
2935407819 2020
2937260665 758
2939137838 969
2940506695 1784
2943756216 1516
2945093682 1401
2945711684 21
2946502616 1703
2947763167 1613
2949189218 1242
2949946551 488
2951008811 947
2953993952 291
2954158235 1805
2955824860 1909
2958485437 660
2960362475 1226
2961707079 1611
2962351517 486
2963142202 945
2964710945 1782
2967040898 2018
2967209395 225
2968508682 1008
2970667764 1620
2972268358 1571
2972555477 369
2972923087 1122
2973242094 527
2975822058 1490
2979074043 552
2981115373 653
2983431295 1293
2984685714 2071
2991148113 1071
2999742678 1545
3000572674 569
3001662383 1203
3005204277 698
3005536398 906
3006523001 893
3009326880 814
3011398645 2005
3011478909 1434
3012395371 1380
3015954887 879
3020374430 1433
3020400346 2004
3022090268 892
3023528122 697
3025759171 878
3028173717 1379
3030131976 1070
3033292535 1202
3038845255 1121
3039711050 368
3042002207 1292
3043006934 652
3044017373 551
3045148373 1225
3046371582 659
3048403821 1804
3050734073 224
3051515952 1781
3052433902 485
3053226755 1610
3055280240 1608
3056370913 1119
3056636919 1290
3059209485 1200
3060963392 876
3063114150 1199
3063991003 1289
3064906064 1118
3066884102 1287
3068716621 1288
3070263630 550
3071287727 1291
3072855939 1120
3074868897 1609
3075720156 223
3076651670 1803
3078103114 1224
3079119594 1378
3079943873 877
3084823643 1201
3088149915 654
3088959504 1428
3092453815 553
3098724724 1710
3099354981 2072
3101040319 1294
3103859613 528
3105320927 1123
3106105549 1572
3106551787 370
3108185600 1931
3109065641 1621
3117410197 1491
3120290792 1984
3122317827 1783
3123775004 757
3125471797 946
3125988731 487
3126929103 1612
3129789416 1975
3129831520 1966
3132011605 1009
3132536358 1252
3133399365 2019
3133738279 226
3140328441 1910
3141488584 436
3142957953 292
3143157623 1806
3147020292 1052
3147174295 1227
3151536664 2035
3151808827 661
3153652938 717
3154526880 997
3157075576 622
3161064599 1381
3161944936 413
3167070288 615
3169408682 1893
3170280911 880
3172387507 894
3173167884 146
3174610781 907
3176040491 699
3176374708 1035
3177445426 637
3180171691 2006
3180203195 1435
3184285697 815
3185407358 558
3187213674 301
3187249252 778
3197940214 392
3198316831 1204
3200462917 570
3203000301 1546
3213015336 209
3219365603 1072
3221995297 1285
3223083337 1197
3227085722 1376
3227581829 1801
3227945778 1222
3229131635 548
3233110798 695
3233370951 1431
3233376918 2002
3234111323 483
3235675935 657
3235947861 650
3237155058 366
3238764309 1543
3238970848 567
3245454595 904
3246617954 1006
3247366080 2016
3248488110 943
3250663172 2069
3253690138 1488
3253915377 1569
3254159259 525
3256856413 390
3263354506 1891
3267805818 299
3268402815 556
3269492012 635
3272945321 1250
3276191762 715
3295988366 680
3296079185 425
3296246138 1813
3302267961 216
3302647587 1902
3304204571 63
3306507673 1508
3306654605 1095
3306904939 1593
3310785312 1651
3311373868 1359
3312293014 600
3313267070 1232
3314958121 281
3315454115 104
3316918511 2075
3317782631 1713
3318301470 1057
3320652802 836
3321291291 1766
3322917448 1873
3325217549 8
3326787768 1240
3327797036 1399
3329452267 967
3334227012 937
3337086527 1297
3337361172 1315
3339093250 963
3341717789 59
3341813338 1589
3342785965 1762
3345873529 479
3346979829 521
3347219600 52
3353395452 1210
3354682429 1497
3356964619 1214
3357562226 578
3359914120 1471
3360750268 398
3361607471 531
3362402936 629
3363098036 1353
3363363600 1393
3364465992 769
3365371972 332
3366181598 722
3366772097 311
3369699848 2091
3369796841 1639
3370937663 1126
3372657823 373
3377183013 1085
3377223087 1575
3378346779 1501
3378635077 1448
3378692396 1477
3385612325 540
3386447776 237
3386568772 1162
3393123219 1696
3393560837 1827
3394118599 1934
3397070916 1561
3402528396 1945
3402862223 1624
3405265802 1338
3405309313 788
3405478781 1990
3405514484 1791
3407187898 1414
3411858341 2056
3412893377 1667
3421245136 1276
3424948946 453
3425133822 666
3425924096 1183
3426651286 1266
3427945516 404
3431138313 272
3433693342 2040
3433760472 795
3434161204 1027
3435397976 1345
3439190566 498
3439347688 1261
3440408648 513
3444236072 595
3445913816 1997
3447855001 1582
3457219209 5
3458740079 1494
3459348573 1759
3459477963 56
3459872918 518
3463729817 1092
3465893379 387
3469391682 647
3470441560 1798
3472347146 1540
3473968355 1756
3481914503 1987
3483244488 1824
3485284764 2053
3488557292 537
3489308608 1445
3489649868 1082
3491966676 446
3494614051 1518
3495410334 441
3497639852 584
3498132447 1786
3499427205 1348
3501402825 1022
3504456528 1310
3509433979 971
3512340085 501
3519939146 1846
3521061671 760
3522921889 916
3523232367 949
3523581553 160
3524082878 1915
3529264873 1735
3533179874 1633
3534569229 275
3535221579 1244
3535894559 490
3537165056 1679
3537897094 175
3539080906 1729
3541251491 1705
3543940837 1030
3546162623 1615
3550083098 1689
3550935412 1523
3552135691 1403
3554472915 23
3555007413 2043
3555535237 798
3559357989 407
3559434508 203
3560000647 1978
3560739015 1969
3568879898 80
3573751750 928
3573811748 323
3573853340 1153
3573906556 1552
3575820655 1012
3577161331 245
3577186331 12
3578941674 1461
3580817155 847
3582667438 1321
3586016403 1530
3588399863 1255
3588458644 589
3592387327 229
3594147494 344
3595049455 2022
3597313450 989
3601839059 256
3604005491 1170
3604504041 181
3605011531 1877
3610165061 1186
3611393013 1269
3613544872 1327
3614924910 1303
3616422069 669
3616639445 456
3618580664 608
3619421802 1111
3621945432 1952
3626117706 987
3627423369 342
3629546682 1109
3630521147 1301
3633754470 78
3638184331 1319
3639351066 1459
3640149201 926
3640689281 173
3640919698 1727
3642655192 1631
3644574735 1913
3646881062 1687
3652021639 439
3653960626 1844
3661225704 1536
3664247571 1410
3665371216 1334
3666946175 1809
3668288397 1585
3670562329 1484
3671274833 1372
3673870287 295
3674115712 1887
3679700003 1105
3679748428 983
3680002713 1455
3682830054 1457
3684511609 76
3685555214 1107
3685747122 985
3687465932 1842
3689888873 1685
3690562180 1725
3698623158 1587
3698926176 961
3701846403 678
3701910910 1811
3703818784 834
3704280039 1055
3705923077 598
3706167167 1230
3708367806 297
3709351554 1889
3714657572 713
3716433692 364
3717584355 693
3717650821 2000
3718324716 1220
3719223750 1374
3720565990 1486
3721944696 1004
3722411147 941
3724900130 1538
3725209328 645
3728137477 516
3733453737 496
3734110983 2038
3736164895 664
3736184724 451
3736543237 1264
3741748674 1336
3749568718 1412
3750786455 720
3752892028 576
3759873742 1532
3760810813 1627
3764717255 1000
3770839467 604
3771116325 1948
3771639354 1323
3778025972 765
3778354048 2087
3778855080 1467
3778945031 625
3779158620 1820
3780454629 1794
3781723998 1257
3781788836 509
3781963474 591
3782132909 1993
3782357837 791
3782525717 1341
3789060100 1869
3789303595 1236
3795594478 14
3795752270 247
3797242401 126
3798518078 1014
3807277978 930
3807428338 1155
3807519762 325
3807903090 1554
3808900991 1384
3809752148 1851
3813948384 824
3814305934 849
3815901899 1655
3816271084 1132
3819654954 1463
3821498755 465
3821775859 1746
3823360523 1363
3823929479 416
3825281258 82
3827952513 115
3835172717 1830
3838050685 1937
3846224504 420
3849100645 1564
3852781876 921
3853882040 1367
3857917857 155
3859089665 2031
3859511260 432
3859828638 1971
3861331614 1980
3862997170 205
3866775879 618
3867145238 409
3874570608 1066
3877156937 98
3877480087 1896
3878849848 1750
3879896029 1699
3880771931 1512
3882057755 1099
3883440220 687
3887001211 1597
3890363839 883
3890558340 748
3892259384 469
3892861987 1603
3893228842 1113
3893858465 1776
3898519138 610
3900206432 1423
3903073238 458
3904575251 30
3905517803 840
3906661974 671
3907077727 897
3908997017 380
3910581348 731
3913452455 149
3915125361 120
3915910626 1954
3916765563 1770
3918702895 910
3923077573 1279
3926834875 1717
3928183455 702
3929186828 740
3931697558 1188
3935242539 1061
3939114599 1038
3939202888 1855
3940425744 864
3941495328 859
3946810682 1305
3947418199 640
3949677090 1329
3951335172 47
3957842774 1271
3959113208 1388
3962009119 1438
3963330207 2009
3963911953 87
3964895853 2059
3965260547 37
3965502414 258
3970473656 1659
3973342736 869
3975347400 1136
3975499424 352
3978835401 134
3982079547 2079
3982654894 1879
3984816934 183
3986084841 1921
3986752846 1172
3988292384 2103
3989956941 1670
3993720346 346
3993919788 2097
3994237672 853
3994641045 1417
3996505039 818
3998460144 1043
4001271056 1860
4003456894 231
4004370796 1645
4005345335 561
4006176681 955
4006317064 828
4014512682 991
4015175393 1960
4017486236 808
4017670747 285
4019949799 781
4020189335 304
4022100009 166
4022496062 2024
4022743803 108
4024441344 193
4032183315 805
4033689613 1642
4034481925 2094
4036646060 728
4039643584 44
4043233121 737
4044102150 918
4047775120 745
4049047595 684
4051299803 429
4051930144 1866
4052791147 1817
4053119924 506
4053696542 762
4057364157 1129
4057597354 1848
4060683621 335
4062213952 265
4065645934 973
4076369157 772
4082860908 317
4084873200 707
4085921110 503
4088121781 725
4090753869 314
4096698278 1024
4096969381 401
4098188861 534
4098324921 1079
4098827283 2050
4102282536 1159
4103396101 1474
4104811304 329
4105346167 395
4105575062 1350
4108406257 1942
4108780542 1788
4109886760 1558
4111692517 1356
4114914111 1207
4117037506 1312
4117695400 934
4118005701 1396
4118849216 2066
4125396101 632
4127722435 361
4128024349 1217
4128614020 710
4132344303 573
4134451154 448
4139895641 1839
4140282736 1722
4140962569 980
4144296498 586
4145545828 320
4145551027 1150
4145556655 1549
4148008449 200
4156011733 581
4156352250 443
4157365262 1520
4161217710 1405
4165663976 18
4167132904 251
4167212389 1165
4168739154 1525
4168983109 240
4169526506 1691
4174896749 543
4181305723 67
4183206550 800
4184660931 1145
4185285206 2045
4187079630 25
4190783017 1741
4194808108 775
4195546902 1032
4196193601 143
4205763086 1707
4207604768 1049
4210992099 754
4215057699 889
4216519515 220
4221213310 1617
4223486715 1906
4228798160 1193
4231971246 1246
4232239751 212
4233556150 277
4234069917 1504
4235807971 475
4236387082 1635
4240941828 268
4241994301 1578
4243117677 1088
4243496172 1
4244939240 1018
4247410602 1731
4251063962 177
4253872684 338
4255323685 1480
4256260226 1681
4256580019 72
4256830829 1451
4259835134 492
4269676736 94
4269833149 376
4275502714 1917
4275900440 130
4276290878 951
4277425478 162
4283163871 1075
4284658292 976
4284714993 1835
4287837990 1737
